//Map name
Map of Doom!
//Times game ran
4
//Seed of the game
42
//How did the game end?
Escapes: 0
Eaten: 1
Drowned: 3
Starved: 0
//Map of activity for the mouse

0 0 0 0 0 0 0 0 0 0 0 0 0 0 0 0 0 0 
0 0 0 0 0 0 0 0 0 0 0 0 0 0 0 0 0 0 
0 0 0 0 0 0 1 2 0 0 0 0 0 0 0 0 0 0 
0 0 0 0 0 0 1 2 0 0 0 0 0 0 0 0 0 0 
0 0 0 0 0 0 3 5 1 0 0 0 0 0 0 0 0 0 
0 0 0 0 0 1 2 3 0 2 3 2 2 2 2 1 0 0 
0 0 0 0 0 1 0 1 4 8 6 1 4 4 1 1 1 1 
0 0 0 0 0 1 1 1 3 9 8 4 7 9 5 0 0 0 
0 0 0 0 0 0 0 0 0 5 3 3 6 8 5 1 1 0 
0 0 0 0 0 0 0 0 0 2 5 3 4 4 3 1 1 0 
0 0 0 0 0 0 0 0 0 0 4 4 3 1 0 0 1 1 
0 0 0 0 0 0 0 0 0 0 1 1 0 1 0 0 0 0 
0 0 0 0 0 0 0 0 0 1 2 1 2 1 0 0 0 0 
0 0 0 0 0 0 0 0 0 1 2 1 1 0 0 0 0 0 
0 0 0 0 0 0 0 0 0 0 0 1 0 0 0 0 0 0 